11
17
4
10
29
4
18
18
22
14
5
5
1
27
1
11
25
2
27
6
21
24
2
3
22
22
21
26
8
5
17
6
11
18
9
22
17
19
25
24
23
21
2
3
3
14
21
1
23
28
17
14
22
27
27
19
23
21
19
28
16
5
20
12
18
16
10
2
4
28
26
15
20
9
10
20
6
21
3
8
9
23
24
4
6
20
16
26
11
28
24
9
26
13
17
28
8
12
9
11
3
5
19
18
24
0
27
26
23
6
11
5
14
22
0
9
17
3
27
12
16
0
11
6
5
17
15
4
11
22
20
10
21
4
16
10
27
11
7
27
7
17
3
3
5
29
19
8
11
18
2
16
26
10
3
8
0
11
12
5
10
29
24
17
8
3
25
21
2
20
1
26
14
10
6
21
18
9
18
4
1
24
23
19
18
8
0
8
7
17
8
13
18
13
17
21
0
17
13
